zed:
  x: 66.150000000000006
  y: 0.58999999999999997
  z: 0
  r: 0.0
  p: 0.5
  y: 0.0
lane_detection:
  low: 13.949999999999999
  high: 100
  z: 1.1000000000000001
  min_pts: 6.3600000000000003
  eps: 0.1