zed:
  x: 65.689999999999998
  y: 1.05
  z: 0
  r: 0.0
  p: 0.65000000000000002
  y: 0.0
lane_detection:
  low: 13.949999999999999
  high: 99.900000000000006
  z: 1.1000000000000001
  min_pts: 6.5800000000000001
  eps: 0.1